        63       347
      1      1   1.00000E+00
      1      2   0.00000E+00
      1      4   0.00000E+00
      1      5   0.00000E+00
      2      1   0.00000E+00
      2      2   1.00000E+00
      2      3   0.00000E+00
      2      5   0.00000E+00
      2      6   0.00000E+00
      3      2   0.00000E+00
      3      3   1.00000E+00
      3      6   0.00000E+00
      4      1   0.00000E+00
      4      4   2.00000E+00
      4      5  -1.00000E+00
      4      7  -5.00000E-01
      4      8   0.00000E+00
      5      1   0.00000E+00
      5      2   0.00000E+00
      5      4  -1.00000E+00
      5      5   4.00000E+00
      5      6  -1.00000E+00
      5      8  -1.00000E+00
      5      9   0.00000E+00
      6      2   0.00000E+00
      6      3   0.00000E+00
      6      5  -1.00000E+00
      6      6   2.00000E+00
      6      9  -5.00000E-01
      7      4  -5.00000E-01
      7      7   2.00000E+00
      7      8  -1.00000E+00
      7     10  -5.00000E-01
      7     11   0.00000E+00
      8      4   0.00000E+00
      8      5  -1.00000E+00
      8      7  -1.00000E+00
      8      8   4.00000E+00
      8      9  -1.00000E+00
      8     11  -1.00000E+00
      8     12   0.00000E+00
      9      5   0.00000E+00
      9      6  -5.00000E-01
      9      8  -1.00000E+00
      9      9   2.00000E+00
      9     12  -5.00000E-01
     10      7  -5.00000E-01
     10     10   2.00000E+00
     10     11  -1.00000E+00
     10     13  -5.00000E-01
     10     14   0.00000E+00
     11      7   0.00000E+00
     11      8  -1.00000E+00
     11     10  -1.00000E+00
     11     11   4.00000E+00
     11     12  -1.00000E+00
     11     14  -1.00000E+00
     11     15   0.00000E+00
     12      8   0.00000E+00
     12      9  -5.00000E-01
     12     11  -1.00000E+00
     12     12   2.00000E+00
     12     15  -5.00000E-01
     13     10  -5.00000E-01
     13     13   2.00000E+00
     13     14  -1.00000E+00
     13     16  -5.00000E-01
     13     17   0.00000E+00
     14     10   0.00000E+00
     14     11  -1.00000E+00
     14     13  -1.00000E+00
     14     14   4.00000E+00
     14     15  -1.00000E+00
     14     17  -1.00000E+00
     14     18   0.00000E+00
     15     11   0.00000E+00
     15     12  -5.00000E-01
     15     14  -1.00000E+00
     15     15   2.00000E+00
     15     18  -5.00000E-01
     16     13  -5.00000E-01
     16     16   2.00000E+00
     16     17  -1.00000E+00
     16     19  -5.00000E-01
     16     20   0.00000E+00
     17     13   0.00000E+00
     17     14  -1.00000E+00
     17     16  -1.00000E+00
     17     17   4.00000E+00
     17     18  -1.00000E+00
     17     20  -1.00000E+00
     17     21   0.00000E+00
     18     14   0.00000E+00
     18     15  -5.00000E-01
     18     17  -1.00000E+00
     18     18   2.00000E+00
     18     21  -5.00000E-01
     19     16  -5.00000E-01
     19     19   2.00000E+00
     19     20  -1.00000E+00
     19     22  -5.00000E-01
     19     23   0.00000E+00
     20     16   0.00000E+00
     20     17  -1.00000E+00
     20     19  -1.00000E+00
     20     20   4.00000E+00
     20     21  -1.00000E+00
     20     23  -1.00000E+00
     20     24   0.00000E+00
     21     17   0.00000E+00
     21     18  -5.00000E-01
     21     20  -1.00000E+00
     21     21   2.00000E+00
     21     24  -5.00000E-01
     22     19  -5.00000E-01
     22     22   2.00000E+00
     22     23  -1.00000E+00
     22     25  -5.00000E-01
     22     26   0.00000E+00
     23     19   0.00000E+00
     23     20  -1.00000E+00
     23     22  -1.00000E+00
     23     23   4.00000E+00
     23     24  -1.00000E+00
     23     26  -1.00000E+00
     23     27   0.00000E+00
     24     20   0.00000E+00
     24     21  -5.00000E-01
     24     23  -1.00000E+00
     24     24   2.00000E+00
     24     27  -5.00000E-01
     25     22  -5.00000E-01
     25     25   2.00000E+00
     25     26  -1.00000E+00
     25     28  -5.00000E-01
     25     29   0.00000E+00
     26     22   0.00000E+00
     26     23  -1.00000E+00
     26     25  -1.00000E+00
     26     26   4.00000E+00
     26     27  -1.00000E+00
     26     29  -1.00000E+00
     26     30   0.00000E+00
     27     23   0.00000E+00
     27     24  -5.00000E-01
     27     26  -1.00000E+00
     27     27   2.00000E+00
     27     30  -5.00000E-01
     28     25  -5.00000E-01
     28     28   2.00000E+00
     28     29  -1.00000E+00
     28     31  -5.00000E-01
     28     32   0.00000E+00
     29     25   0.00000E+00
     29     26  -1.00000E+00
     29     28  -1.00000E+00
     29     29   4.00000E+00
     29     30  -1.00000E+00
     29     32  -1.00000E+00
     29     33   0.00000E+00
     30     26   0.00000E+00
     30     27  -5.00000E-01
     30     29  -1.00000E+00
     30     30   2.00000E+00
     30     33  -5.00000E-01
     31     28  -5.00000E-01
     31     31   2.00000E+00
     31     32  -1.00000E+00
     31     34  -5.00000E-01
     31     35   0.00000E+00
     32     28   0.00000E+00
     32     29  -1.00000E+00
     32     31  -1.00000E+00
     32     32   4.00000E+00
     32     33  -1.00000E+00
     32     35  -1.00000E+00
     32     36   0.00000E+00
     33     29   0.00000E+00
     33     30  -5.00000E-01
     33     32  -1.00000E+00
     33     33   2.00000E+00
     33     36  -5.00000E-01
     34     31  -5.00000E-01
     34     34   2.00000E+00
     34     35  -1.00000E+00
     34     37  -5.00000E-01
     34     38   0.00000E+00
     35     31   0.00000E+00
     35     32  -1.00000E+00
     35     34  -1.00000E+00
     35     35   4.00000E+00
     35     36  -1.00000E+00
     35     38  -1.00000E+00
     35     39   0.00000E+00
     36     32   0.00000E+00
     36     33  -5.00000E-01
     36     35  -1.00000E+00
     36     36   2.00000E+00
     36     39  -5.00000E-01
     37     34  -5.00000E-01
     37     37   2.00000E+00
     37     38  -1.00000E+00
     37     40  -5.00000E-01
     37     41   0.00000E+00
     38     34   0.00000E+00
     38     35  -1.00000E+00
     38     37  -1.00000E+00
     38     38   4.00000E+00
     38     39  -1.00000E+00
     38     41  -1.00000E+00
     38     42   0.00000E+00
     39     35   0.00000E+00
     39     36  -5.00000E-01
     39     38  -1.00000E+00
     39     39   2.00000E+00
     39     42  -5.00000E-01
     40     37  -5.00000E-01
     40     40   2.00000E+00
     40     41  -1.00000E+00
     40     43  -5.00000E-01
     40     44   0.00000E+00
     41     37   0.00000E+00
     41     38  -1.00000E+00
     41     40  -1.00000E+00
     41     41   4.00000E+00
     41     42  -1.00000E+00
     41     44  -1.00000E+00
     41     45   0.00000E+00
     42     38   0.00000E+00
     42     39  -5.00000E-01
     42     41  -1.00000E+00
     42     42   2.00000E+00
     42     45  -5.00000E-01
     43     40  -5.00000E-01
     43     43   2.00000E+00
     43     44  -1.00000E+00
     43     46  -5.00000E-01
     43     47   0.00000E+00
     44     40   0.00000E+00
     44     41  -1.00000E+00
     44     43  -1.00000E+00
     44     44   4.00000E+00
     44     45  -1.00000E+00
     44     47  -1.00000E+00
     44     48   0.00000E+00
     45     41   0.00000E+00
     45     42  -5.00000E-01
     45     44  -1.00000E+00
     45     45   2.00000E+00
     45     48  -5.00000E-01
     46     43  -5.00000E-01
     46     46   2.00000E+00
     46     47  -1.00000E+00
     46     49  -5.00000E-01
     46     50   0.00000E+00
     47     43   0.00000E+00
     47     44  -1.00000E+00
     47     46  -1.00000E+00
     47     47   4.00000E+00
     47     48  -1.00000E+00
     47     50  -1.00000E+00
     47     51   0.00000E+00
     48     44   0.00000E+00
     48     45  -5.00000E-01
     48     47  -1.00000E+00
     48     48   2.00000E+00
     48     51  -5.00000E-01
     49     46  -5.00000E-01
     49     49   2.00000E+00
     49     50  -1.00000E+00
     49     52  -5.00000E-01
     49     53   0.00000E+00
     50     46   0.00000E+00
     50     47  -1.00000E+00
     50     49  -1.00000E+00
     50     50   4.00000E+00
     50     51  -1.00000E+00
     50     53  -1.00000E+00
     50     54   0.00000E+00
     51     47   0.00000E+00
     51     48  -5.00000E-01
     51     50  -1.00000E+00
     51     51   2.00000E+00
     51     54  -5.00000E-01
     52     49  -5.00000E-01
     52     52   2.00000E+00
     52     53  -1.00000E+00
     52     55  -5.00000E-01
     52     56   0.00000E+00
     53     49   0.00000E+00
     53     50  -1.00000E+00
     53     52  -1.00000E+00
     53     53   4.00000E+00
     53     54  -1.00000E+00
     53     56  -1.00000E+00
     53     57   0.00000E+00
     54     50   0.00000E+00
     54     51  -5.00000E-01
     54     53  -1.00000E+00
     54     54   2.00000E+00
     54     57  -5.00000E-01
     55     52  -5.00000E-01
     55     55   2.00000E+00
     55     56  -1.00000E+00
     55     58  -5.00000E-01
     55     59   0.00000E+00
     56     52   0.00000E+00
     56     53  -1.00000E+00
     56     55  -1.00000E+00
     56     56   4.00000E+00
     56     57  -1.00000E+00
     56     59  -1.00000E+00
     56     60   0.00000E+00
     57     53   0.00000E+00
     57     54  -5.00000E-01
     57     56  -1.00000E+00
     57     57   2.00000E+00
     57     60  -5.00000E-01
     58     55  -5.00000E-01
     58     58   2.00000E+00
     58     59  -1.00000E+00
     58     61   0.00000E+00
     58     62   0.00000E+00
     59     55   0.00000E+00
     59     56  -1.00000E+00
     59     58  -1.00000E+00
     59     59   4.00000E+00
     59     60  -1.00000E+00
     59     62   0.00000E+00
     59     63   0.00000E+00
     60     56   0.00000E+00
     60     57  -5.00000E-01
     60     59  -1.00000E+00
     60     60   2.00000E+00
     60     63   0.00000E+00
     61     58   0.00000E+00
     61     61   1.00000E+00
     61     62   0.00000E+00
     62     58   0.00000E+00
     62     59   0.00000E+00
     62     61   0.00000E+00
     62     62   1.00000E+00
     62     63   0.00000E+00
     63     59   0.00000E+00
     63     60   0.00000E+00
     63     62   0.00000E+00
     63     63   1.00000E+00
